input: [1.0, 5.0, 3.0] ==> output: [-0.6972243622680054, -4.302775637731995]
input: [3.0, 9.0, 2.0] ==> output: [-0.24169426078820835, -2.758305739211792]
input: [5.0, 4.0, 6.0] ==> output: null
input: [2.0, 4.0, 2.0] ==> output: [-1.0]